59,35
39,190
39,189
39,188
39,187
39,186
39,185
39,184
39,183
39,182
39,181
39,180
39,179
39,178
39,177
39,176
39,175
39,174
39,173
39,172
39,171
39,170
39,169
39,168
39,167
39,166
39,165
39,164
39,163
39,162
39,161
39,160
39,159
39,158
39,157
39,156
39,155
39,154
39,153
39,152
39,151
39,150
39,149
39,148
39,147
39,146
39,145
39,144
39,143
39,142
39,141
39,140
39,139
39,138
39,137
39,136
39,135
39,134
39,133
39,132
39,131
39,130
39,129
39,128
39,97
39,96
39,95
39,94
39,93
39,92
39,121
39,120
39,119
39,118
39,91
39,90
39,89
39,88
39,87
39,86
39,85
39,84
39,83
10,98
10,270
10,116
10,72
10,68
10,96
10,77
11,25
11,21
11,26
11,17
11,5
9,6
9,4
8,16
8,10
8,4
8,13
8,15
50,4
50,3
50,1
45,10
45,5
45,4
45,3
45,1
44,74
44,31
44,15
44,11
44,8
44,7
44,6
44,5
44,3
44,1
39,255
39,254
39,253
39,252
39,251
39,250
39,249
39,248
39,247
39,246
39,245
39,244
39,243
39,242
39,241
39,240
39,239
39,238
39,237
39,230
39,228
39,227
39,226
39,225
39,224
39,223
39,222
39,221
